[gd_scene load_steps=12 format=2]

[ext_resource path="res://testDummy.dae" type="PackedScene" id=1]
[ext_resource path="res://Armature.gd" type="Script" id=2]

[sub_resource type="CapsuleShape" id=1]

radius = 0.28434
height = 2.27472

[sub_resource type="CapsuleShape" id=2]

radius = 0.338014
height = 2.70411

[sub_resource type="CapsuleShape" id=3]

radius = 0.339851
height = 2.71881

[sub_resource type="CapsuleShape" id=4]

radius = 0.126767
height = 1.01413

[sub_resource type="CapsuleShape" id=5]

radius = 0.0750735
height = 0.600588

[sub_resource type="CapsuleShape" id=6]

radius = 0.194422
height = 1.55538

[sub_resource type="CapsuleShape" id=7]

radius = 0.0779675
height = 0.62374

[sub_resource type="CapsuleShape" id=8]

radius = 0.194422
height = 1.55538

[sub_resource type="CapsuleShape" id=9]


[node name="Scene Root" index="0" instance=ExtResource( 1 )]

[node name="Armature" parent="." index="2"]
script = ExtResource( 2 )

[node name="Physical Bone torso" type="PhysicalBone" parent="Armature" index="1"]
transform = Transform( 0.999999, 2.38391e-007, -2.56705e-009, 2.56716e-009, -0.0107674, -0.99994, -2.38405e-007, 0.99994, -0.0107676, 7.82311e-008, 1.42162, 0.0153083 )
joint_offset = Transform( 1, 0, 0, 0, 1, 0, 0, 0, 1, -1.11759e-008, 2.30247e-008, 1.4217 )
body_offset = Transform( 0.999999, 0, -3.10862e-015, 3.2685e-013, 0.999998, 2.04891e-008, 1.9984e-015, -6.51926e-009, 0.999998, 1.11759e-008, -5.21541e-008, -1.4217 )
bone_name = "torso"

[node name="CollisionShape" type="CollisionShape" parent="Armature/Physical Bone torso" index="0"]
shape = SubResource( 1 )

[node name="Physical Bone left arm" type="PhysicalBone" parent="Armature" index="2"]
transform = Transform( 0.999607, -0.00015274, -0.02811, -7.75284e-008, 0.999986, -0.00543341, 0.0281104, 0.00543142, 0.999593, 0.0475076, 2.85242, -1.65876 )
joint_type = 1
joint_offset = Transform( 1, 0, 0, 0, 1, 0, 0, 0, 1, -7.90697e-008, -9.33212e-007, 1.69007 )
body_offset = Transform( 1, -1.45519e-011, 9.31323e-009, -1.89175e-010, 1, -1.21072e-008, 1.86265e-009, 1.86265e-009, 1, 6.33299e-008, 9.53674e-007, -1.69007 )
bone_name = "left arm"
joint_constraints/bias = 0.3
joint_constraints/damping = 1.0
joint_constraints/impulse_clamp = 0.0

[node name="CollisionShape" type="CollisionShape" parent="Armature/Physical Bone left arm" index="0"]
shape = SubResource( 2 )

[node name="Physical Bone right arm" type="PhysicalBone" parent="Armature" index="3"]
transform = Transform( -0.999611, 0.000150923, 0.0278825, 2.36854e-007, 0.999985, -0.00540419, -0.0278828, -0.005402, -0.999596, -0.0473793, 2.85242, 1.72919 )
joint_type = 1
joint_offset = Transform( 1, 0, 0, 0, 1, 0, 0, 0, 1, 7.56123e-008, 3.80599e-006, 1.69925 )
body_offset = Transform( 1, -1.45519e-011, -1.49012e-008, 2.91038e-011, 1, 5.12227e-009, -3.35276e-008, -4.65661e-009, 0.999999, -5.02914e-008, -3.8147e-006, -1.69925 )
bone_name = "right arm"
joint_constraints/bias = 0.3
joint_constraints/damping = 1.0
joint_constraints/impulse_clamp = 0.0

[node name="CollisionShape" type="CollisionShape" parent="Armature/Physical Bone right arm" index="0"]
shape = SubResource( 3 )

[node name="Physical Bone chest" type="PhysicalBone" parent="Armature" index="4"]
transform = Transform( 0.544773, -0.838308, -0.0213935, 1.24381e-007, 0.0255115, -0.999674, 0.838582, 0.544595, 0.0138979, 0.0135597, 3.47686, 0.0218079 )
joint_type = 1
joint_offset = Transform( 1, 0, 0, 0, 1, 0, 0, 0, 1, 1.09007e-008, 7.23681e-008, 0.63383 )
body_offset = Transform( 0.999999, -2.98023e-008, -8.3819e-009, -8.9407e-008, 0.999998, -8.3819e-009, 5.58794e-009, -4.65661e-009, 1, -5.58794e-009, -6.70552e-008, -0.63383 )
bone_name = "chest"
joint_constraints/bias = 0.3
joint_constraints/damping = 1.0
joint_constraints/impulse_clamp = 0.0

[node name="CollisionShape" type="CollisionShape" parent="Armature/Physical Bone chest" index="0"]
shape = SubResource( 4 )

[node name="Physical Bone left hip" type="PhysicalBone" parent="Armature" index="5"]
transform = Transform( 0.999999, -1.42109e-014, 2.22045e-016, 0, 0.632128, 0.774865, 0, -0.774865, 0.632127, 1.86265e-008, -0.290858, -0.23728 )
joint_type = 1
joint_offset = Transform( 1, 0, 0, 0, 1, 0, 0, 0, 1, -7.45059e-009, -3.50111e-007, 0.375367 )
body_offset = Transform( 0.999999, -1.42109e-014, 2.22045e-016, 0, 1, -1.78814e-007, 0, 5.66244e-007, 1, 7.45058e-009, 4.17233e-007, -0.375367 )
bone_name = "left hip"
joint_constraints/bias = 0.3
joint_constraints/damping = 1.0
joint_constraints/impulse_clamp = 0.0

[node name="CollisionShape" type="CollisionShape" parent="Armature/Physical Bone left hip" index="0"]
shape = SubResource( 5 )

[node name="Physical Bone left thigh" type="PhysicalBone" parent="Armature" index="6"]
transform = Transform( -0.32477, -0.945556, 0.0212097, -5.54148e-008, 0.0224253, 0.999749, -0.945794, 0.324688, -0.00728309, -0.0206182, -1.55359, -0.467479 )
joint_type = 1
joint_offset = Transform( 1, 0, 0, 0, 1, 0, 0, 0, 1, 2.09974e-007, -9.1444e-008, 0.972113 )
body_offset = Transform( 1, 1.49012e-007, -1.39698e-009, 0, 1, 2.09548e-009, 4.19095e-009, 6.98492e-009, 1, -2.08616e-007, 8.9407e-008, -0.972113 )
bone_name = "left thigh"
joint_constraints/bias = 0.3
joint_constraints/damping = 1.0
joint_constraints/impulse_clamp = 0.0

[node name="CollisionShape" type="CollisionShape" parent="Armature/Physical Bone left thigh" index="0"]
shape = SubResource( 6 )

[node name="Physical Bone right hip" type="PhysicalBone" parent="Armature" index="7"]
transform = Transform( 0.999999, 2.38391e-007, -2.56681e-009, 2.56706e-009, -0.0107681, -0.999942, -2.38405e-007, 0.999942, -0.0107673, 6.14673e-008, 0.389815, 0.00419755 )
joint_type = 1
joint_offset = Transform( 1, 0, 0, 0, 1, 0, 0, 0, 1, 3.72523e-009, -2.67738e-008, 0.389838 )
body_offset = Transform( 0.999999, 4.12115e-013, 1.70752e-013, 0, 1, 2.98023e-007, 9.9476e-014, 6.25849e-007, 1, -3.72529e-009, -8.9407e-008, -0.389838 )
bone_name = "torso"
joint_constraints/bias = 0.3
joint_constraints/damping = 1.0
joint_constraints/impulse_clamp = 0.0

[node name="CollisionShape" type="CollisionShape" parent="Armature/Physical Bone right hip" index="0"]
shape = SubResource( 7 )

[node name="Physical Bone right thigh" type="PhysicalBone" parent="Armature" index="8"]
transform = Transform( -0.324769, -0.945555, 0.0212097, -1.99057e-007, 0.0224254, 0.999747, -0.945792, 0.324687, -0.00728314, -0.0206183, -1.50766, 0.573489 )
joint_type = 1
joint_offset = Transform( 1, 0, 0, 0, 1, 0, 0, 0, 1, -3.86525e-007, 8.58229e-008, 0.972112 )
body_offset = Transform( 0.999998, 8.9407e-008, -9.31323e-010, 4.47035e-007, 0.999999, -1.16415e-008, -4.65661e-010, 2.32831e-009, 0.999998, 3.8743e-007, -7.45058e-008, -0.972111 )
bone_name = "right thigh"
joint_constraints/bias = 0.3
joint_constraints/damping = 1.0
joint_constraints/impulse_clamp = 0.0

[node name="CollisionShape" type="CollisionShape" parent="Armature/Physical Bone right thigh" index="0"]
shape = SubResource( 8 )

[node name="PhysicalBone right shin" type="PhysicalBone" parent="Armature" index="9"]
transform = Transform( 0.0279838, -0.999388, 0.0209899, -1.28581e-007, 0.0209982, 0.99978, -0.999609, -0.0279776, 0.000587528, -0.0412363, -2.47953, 0.58057 )
joint_type = 1
body_offset = Transform( 1, 0, 0, 0, 1, 2.06091e-009, -5.82077e-011, -2.20462e-009, 1, 0, 0, 0 )
bone_name = "right shin"
joint_constraints/bias = 0.3
joint_constraints/damping = 1.0
joint_constraints/impulse_clamp = 0.0

[node name="CollisionShape" type="CollisionShape" parent="Armature/PhysicalBone right shin" index="0"]
transform = Transform( 0.253833, 1.86265e-009, -2.32831e-010, -9.31323e-010, 0.3995, 1.1365e-008, 5.82077e-011, -7.00993e-009, 1, 5.96046e-008, -0.101132, -0.987375 )
shape = SubResource( 9 )

[node name="PhysicalBone left shin" type="PhysicalBone" parent="Armature" index="10"]
transform = Transform( 0.0279843, -0.999388, 0.0209899, -1.07258e-007, 0.0209981, 0.99978, -0.999609, -0.0279782, 0.000587605, -0.0412363, -2.52545, -0.4604 )
joint_type = 1
body_offset = Transform( 1, 1.86265e-009, -5.82077e-011, -1.86265e-009, 1, 3.33966e-009, -1.16415e-010, -5.21322e-009, 1, 0, 0, 0 )
bone_name = "left shin"
joint_constraints/bias = 0.3
joint_constraints/damping = 1.0
joint_constraints/impulse_clamp = 0.0

[node name="CollisionShape" type="CollisionShape" parent="Armature/PhysicalBone left shin" index="0"]
transform = Transform( 0.253833, 9.31323e-010, -2.91038e-010, 9.31323e-010, 0.3995, 1.636e-008, 5.82077e-011, -1.02605e-008, 1, -0.0409138, -0.101132, -0.987375 )
shape = SubResource( 9 )

